 

m ..Q-..¹

. 22222122112222212222112221222221 Q. 222221222122112222222 222 221222 22 12221222 1222222222

2222 22222222, 22. 12212222 11.’· 22 22212122 QoQ 222122.11222221222222229222222 ¹

¹ 222 2222 221122 22222222 ,122222 122222 2222222, Q 2221121222 2222222222 12. 21122 222 2112122 12212
Ι Ι122122222122212221222121222212122,22122222222222222112222211221222222221222121 ι

2221222222 22 1222 deferri solet quo 2222222 ipsa deducitur. 13. 22222122212211222222’ 212222

’2222222222222122222222 22112222 2122222-112 212122211212 112222 222 2221222222 2122 221221 2
112122 2222222222 2212222 22222221122221 (21211.2122212).1)2 22221222211122, 2 2222222, ,ἱ

’ 22222, 2212 222 2212222 21222222212212 1111122212 2212211222 1122122122 22222222222222222,

2221222222222112 22222122· 22222 22. 2222 212122222222122 222 222212212212122 22222 Q 1222 222
’22222222 2221212 222 222 2112222212 2222 2222122222 2312122222, Qie 12122112ῐί222 (2222212122 22112222 Q ’
222 22222122 en 2222 2222 1212 22112222 122 ’.22221222 22222 12212112222212 21222222122222 2222221112222
21221212. Dr. 21121122 112212 22 2212222221222211, 12222222. 21222112 32122212 ι
22222122122122 1221212122 2221222222 2222211222 2122212212 222 2222 212122212212222

212 (22121212 22, 222 22221222 212 2122222221212222 22 22212222 12211 2122121122 Dr. QQQb 22212. ’
212122 2222,2 3 22222222. 22212 Dr. Q. Q QQQQ 22 22222222 222 221222 2222221122 (2212212222

222 212221212222 222 12222 222 22 22222 2211212222 222 22221222 2222222 QQQiQQ 2222 1292

, 212 1220.21212112,21)2. 2222222212 222222221142222222. 212222222222212 222
1112222222222122222222222222.12;11112222’21212222222222222222122222222221222
· 12212222 2122222222· 212 222 21122222 uQ' 222 2221221222 2222222122 11212 2222 2222222222 11122

222222 22222. 11122121, 2Q1QQ 222. 212212. 222222 2222222 222 221222 22211222 2122221122222· Qt
’1222222222 2212222211222 222 2222212 222 22221222 2122222222, 2222 2222222222222222221211222222.

’ ’222 1122222122 222 22 . ·

22122222

· · 222122222113222122222112.”2122122.

- 221121222121222,21222222212122222222222 Q. 11121222. Β. 1222111222 222 2211222
2212221222, 2. 2. 222 1222221222 22221222 222 32 22 22221 11221122 22222 22 221 2222222112 2 Qt
222221222222)21222222211212222 2122222222 222 212221222222222222 2221211222 211222 2222222
2222 222 2222212 Q 22222 2221221222 Q 212 22212212 2121212222, 22221222 QQ etQQQ 222 1122
22122 22122222 2222222222 2212211222, 2221222212222261221222 222 'Quarta 2222121222 m 2
2222222122221522222222121222211122212212212222 222 211222 2212222222, 212· 222 222 1222121222
221222221212212212222 211222222222222 21122222222222222122222212222, 2222 2222 12222212»,
2222 2222 1222 2212222 QQQQ ’222 2222212222 222122121221221121222222 2122222121 Qe
22111212,22222222.2,221222.22122211222122222 (2222222211, 222222 22221)

· 12122221222222 112222. odyss 1-1, 22222222. 11222. 2122122212 lV 222. 3222 22122222,

32222122 21112 14 Qaqc 2222 2222222222. 112. 22.-12 12221221222222222. 1 (22122 3
11,,222221112.22221.122112211,42222222.2112211. Aen Vl, 111, 2222212122 2212221222
222122211212222 2222222212 212222122222222222 QeQQn 222 1221211222 222 12122212 2121’
222222222222221122222222222222222122212221221211222222212,12222222 Dr. 21122122.
22222211 122, 222222 22 222222212122222222122212222222122212122222222.222222211222

. 112222222222122222122222, 222212221222222212222 1222222222. 22222212,υ ,22222222

1222211 2212 2211221222 22222 2222222222121222· 2212222222 222 2222212222 2121122 222 1122222222 2
1212212222222222. 2222 22222222 222 222 2222211222 2121122 22 QQQ: 1. ,1222222111 ,12222 222

·’ 22112 2212111222. 22222222121122212222’·1212212122222222221222. ,3. 21221 222222 222122
.- 2 ¹ ¹

 

ζμ»,

