.¹ Ι, Ι, *24*

Q444 24. 4444444. 44 44 4444444444, 444444 44444444 4444 444444 444444 444444 Ι444444
4444444444 4444444 44an 4444444 44 44444444 4444 loco ' '

. Q444 28. 444 4444. 4444444444 444 486 444444 4444444444 444 444444, Q44444144 444
Q4,44 QQgt. ²

444444. 4444. 444 444444444444444444444444444444444444444Q444444444444444444444414444543‘
. 4 444 44444 4444444444 44 444 4444444444444 Q444544 4444 444444 Q'4444'4444 444 4444 444444444ηὲ4 444444
4443 44444444 444444 44 6444444444 4444444444, 44444444 444 444444 Q444Q44 444 50 4444. 44¹4 444 444
, 844447. 444444 4444444441444 444 4444444444444 4444444444 4444 3. 44444444, 44 44 444
44444444444 444 Q4444444444 444 444444 4444444 4444444444444444444 4444 444 ’4444444 4444 4444

4 ,28 4444 4846, 444 Q4444 444 444 4444444444 3444444. ’ . ·’

Q444 44. 3444444. 4444444444444 444 4444444444444 Q4444'4444444 44447. 4. Q. 44444 44 444444

. ¹ ³⁶ 4444444443444444444 44 Q4444444444 444 ⁵444 44444444. ’9844 4444444444 444 QQ 444444444 444444 44444
’ 4444444444 48444 4444444444 444 4444444 Q444 4444 44 4444 44444444 4444 44 48444 44444 444444 Q444445 ’

. 44444444 44444, 444 44444 44 4Q444 4444 4444 44444 3444444444 44 Q4444 444 4444444444 544

44444 48. 34444. 4444 Q444444444444 444414 4 Q4444444t 44444 Q44444444444 4444 4444444444
4444 444 4444444444 8844444444 Q Q. Q. QMDr 4444 4 4444444 4444 (4444444 444 Q4444444444444'Q444

Q4444 24 344444 44 4444444444 CQ4444444 444444444 Q444QQ444 444444 44444 Q4t41
· · 44444 4444 (44444444444444 444 3444444444444444 44444 44444444444444 Q4444444444·444444 444 25 4444
Q444430 444444, 444 4444444444 444444 QQ'444444 44444 4444444444 44444 4444444444 4444
’ 414444,4444Q444 8444444444444444444 QQ44444444 4444444444444 44. ··· · ·

Q4444. 444444. 44 44444 4444 444 44444. 44. 4444444 44 Q44444 1853 4444544444444 C4444444
1444,44444444444444444444 4444 4444 Q44 44444 ’.44444 4 44444, 4444444444444444 44444

, 44444 444444. 3444444444, 44444444444444 4444444Ι

Q4445. 4444. 4444444444 444 44444444444444444444 44444 44444 444 4444444444.

Q444 42 444444, ,44444 4.ch 4444. 44444444444444 44444444 44 444 4444444444444444444 u 444
4444444444 444 4444444444 4444444444 444444444 4444 444 4444444444 44 444444 4444444444444
4444 44444444 444, 44444444 444444 444 444 Q44444444 4444444'44444444 444 444 444 444 4444444 ⁵444
4444444444 4444444 4444444 .

4444414244 4.44444 444 QQ444 4444 444 44444444 44 4444444444 44 444 4444444 4444 44 44
4444444 444 44 45444444 44444 444444 4444 44, 444 Q44444 444 44444444 444 4444444 44 444444444'444.

Q4444 26. 4444. Q44444444444 4444Q 4 Q. 44444444 44 444444 444 Q444444 7 144444 44-
44444444 444444444444 Q444444 4444 4444 444 344 44444444 444444444 444 4444. 4444444444 444444 4444 48444444
4444 4844444 444 444 444 4444 4444444444444 344444 444444444 ,

4444447, 444444 444 44 444 44 44444 44444 44444444 4444 4444 Q4 {44444444 4. 25. 4444 4834.
,¹ Q444 47 4444 4444444444444 444 44444444444444 444 444 ¹‘Q44444'444t 044444 4853 444

44444 54 444 4444441444 444 4444444444 Q4444414444444 4444444. ”

Q444 30. 4444 4444 4444444444 4444444 444 44 Q4444444 44 4844444444 44444 44 4444444.

Q444 27. 34444 444 4444444444 444 444444 8444444444 444 44 44444444Ιὶ44·(8444444444
444' 44444 444 4444444444 44 444 4444444444, 444 4444 444 4444 444 444444 444444, 4444 4444444444
’ 444 4444414444 4844444444444444, 4444 44444444 44 4444444' 4444 444 4444 4444 8444 4444444444 444
· 5444444444448 4444444 44444444 444 4444 4444 Q4444444Q4444444 44444 44. 4844444444444 44 444444444 444
3. 3444444, 44444 4445 44444 44444, 4444444 4443. 344444 4444. 44444 4444444444 44444. ,

Q444 27. 4444. 34444 44444444444444444, 4444444 444 444 444 4444444444444444 4 44 4444444
4444444 Q 44 4444444 44 44444444 444 4444444 4444 Q4444444444 4444 Q4444'44444 444 4444 44444444 444

 

