NJ.-66·-

444 66. 4444444 66 6666666 666 4444444.- 6666666666' 6666666666 666 44444444)
4. 4444444444, ,44444 444444 '6666 666 66 66666 44444444 444 4444444444. ’

, 4444 45. 44444444 6666666 666 666666666 666 666 6666666 66. 4444444444 666666 4444444444 ’
444 44444444 6666 6666 66666 6666 6666: ·

· · 4444444444 444444) ie 66666: '666 6666 en 6666 666666 66. 4444444 6256. 6 6662 ,
’ 6666 444 666'66. ,
6666 4-44444444 ’ ’ · ’
’;1)444444444444444444444444444444444,444444.44444,”444444 666 444444 44444444 6666:
Dona 666666666 6666 laetus 444444. .
⁸ 2)4 66 4444444444 4444444444 44444444 444 66 66 66'6666 666 6666 ei 66666666666'1 4444444444 66

¹ . , 44444444 6666666666 66666 6666 3666666:

,Ω ξεῖν’, 6666 666666 Λακεδαιμονίοις,’ ὀτι τᾷδε 6666'666‘66 τοῖς 4444444 ῥήμαςι
Ι ²6666'66'6'6---66066'66661666666666166 66 4444444444, 6666 44444 4444444 6666666
¹ 6 ¹ 44444 444 4444444444 44444, 6666· 666 66· 6666) ’

¹ 444444 6666 6116 444444, 6666 6 ein 4444444444 44444444). ,
666666: 6666 6616 666 666. ⁹ 444444 4444444444 44. 6⁸ 6666 666 ‚6:666 66666 666 66 666 ·

Ι '666 666666666616 66 444444 36 66 666 66666'66 6,616666 4444444444 ll 444444 C66616:

666666666666 443444 66666666 6666666666666666'6161 66666666666666166.
66166666'666266166666661666666666666 444444 6666 666 6666 6666.
666 19. 4444444. 44444444 6666666 4444444444 66 066166666166666 . ⁴

6665 666 ,7 6666 444 44444444 444 (4444444444 616666666 66666666 6666666966666
⁸ 66¹¹ Dr 444444 666 444444..Ι 6666666 4444 66. 444444 6666 444444 444 6666 4444444 666
. 4444444444444444444 444 4444444 44444 666 4444444 44 4444444444 666666 6666666, 666 444 6666
«6. 66 Dr 666666 666 66 66661666·6666 626666 4444444444 666 44444444 4444444444 4444444 444,

“ 66 666166666 666666166 4444444444 44444 6666666666 6666 66666 666 44444 6666666666 6666

· ’ 4444944444. 44 66666666 44 666 6666 444444444ῧ444 444444 6666 4444· 4444444 666 6666 6666 44
444444 6666666,16666666 66666666666616666666666. 4444444444 666 ’4444444444 4444444 666 4444
4444444444 666666· 66 6666 '6666666666 6166 666 4444 66666666666666 66636'66666666 6666 44444
-444 4444444444, 444444444444 66 4444444444 6616666166661666666666 66661666
666 666666666'66 66 45444 4. (.444 4444 44444 4444444 44 4444444444 44444444 444444 444 444 ’
66 6666· 66 6666 66 44444 6‘66666 444444 666666666'6 166. ¹ ¹ ¹

- 566 4444444444 4444444 6666 {6666 6666166, 6666 44 44 144· 34444. ἲς. 666 666 ’44)44
- 6 666 6666666666 44444444 44444 C6111666661661166 4444444 666 66666666 6666666666 666666

’- 44444444 444 Dr. 44444444 444 6666666 666C. 4444444444 666666 4444 44 444. 44 44444Κ
J 66¹ 666'616 666666 4444) 444444 4444 444 4444444 666 66666 4444444444 6666 666 6⁰ ‘¹¹
666666 666 63666666666 66666 4444 66166666666666 444444, 44444. 666 66 6666 44444444 6'6 6¹66 444
44444444 666 666 66666. 666666'66166666666 66 66 66666666, 66 44444444 44) 44444444 44444444 44444
4 4444444 3444444444 4444 6616666666661666166

666360666666661: 6666666 6666666662. 6666666681666 4444444 6 4444444.

“ :666 44444444 44444, 666 4444444444 6666666666661666 444 444 4444444 44444444 444444 6 66 6666 66

4444444444 11661166666666666666666666, 44444 666662 (ἶ44444 4444444444 6666666666666666
...666666166666666666666 66 6666 66 666 66661666 66 444444 44444· 444 6666669 6666 44
66 66 6666 4444444444 4,.4444 4444 44444444 444 6666 444444, 444 66 44 6666 666 5 3444444

 

